L'1 0.365748 35.508121 69.951070
L'2 -2.736219 35.333076 69.171016
L'3 -6.502723 34.834340 69.119265
L'4 -9.897412 34.162172 68.366065
L'5 -13.589871 34.125748 68.270575
L'6 -16.941453 33.663243 68.307019
L'7 -20.608420 33.452909 67.504964
L'8 -23.991687 33.434475 67.458315
L'11 -34.714926 33.589696 66.074589
L'12 -37.974314 32.425108 65.311175
L'13 -41.745725 32.213971 64.545004
L'14 -45.954414 32.058753 65.728700
M'1 0.861478 18.427122 71.295444
M'2 -1.780207 18.005723 71.353766
M'3 -5.232827 17.518196 71.433331
M'4 -8.915506 17.057428 71.520194
M'5 -12.252513 16.412241 70.855036
M'6 -15.898411 15.951462 70.931822
M'7 -19.325034 15.463030 70.986343
L'9 -27.641397 33.410135 67.385144
L'10 -31.326764 32.739159 66.532134
M'8 -22.588560 15.456450 70.922002
M'9 -26.218287 14.774630 70.104522
M'10 -29.604238 14.729276 69.975182
M'11 -33.219216 14.014660 69.088363
M'12 -36.553762 14.432329 68.831587
M'13 -39.888272 14.219094 67.977240
M'14 -43.218903 14.214450 67.947108
M'15 -47.413225 14.273830 68.250757
M'16 -51.609675 14.480812 69.110288
G'1 -0.575563 45.882410 36.242182
G'2 -3.619324 45.463163 36.380815
G'3 -7.601133 45.420283 36.394680
G'4 -11.729513 45.203572 37.362222
G'5 -15.515280 44.777968 37.567152
G'6 -19.646737 44.343615 37.732165
G'7 -23.470904 43.897833 37.896936
G'8 -27.290283 44.098238 38.775741
G'9 -31.434110 43.672801 38.945322
G'10 -35.256173 43.663091 39.016040
G'11 -39.357141 43.246297 39.168068
G'12 -43.524730 43.239077 39.179620
G'13 -47.360131 43.230702 39.172688
G'14 -52.029071 42.773139 39.354086
G'15 -55.859112 42.562701 40.286236
G'16 -59.104537 42.121330 40.423641
F'1 -7.109071 85.685344 11.916274
F'2 -9.786201 85.074697 11.243790
F'3 -13.208519 84.124626 11.306099
F'4 -16.913487 83.437510 10.504476
F'5 -20.597786 82.949246 10.508770
F'6 -23.937314 82.240210 9.697758
F'7 -27.255662 81.319234 9.813441
F'8 -30.876852 80.637808 9.008282
F'9 -34.270906 79.702121 9.123955
F'10 -37.936352 79.237647 9.165512
F'11 -43.260535 78.408059 9.707942
F'12 -49.715031 77.890585 9.803983
O'1 -3.976910 64.797728 -9.702423
O'2 -7.856262 64.810254 -9.703405
O'3 -11.735192 64.766460 -9.698240
O'4 -15.828844 64.536348 -8.747423
O'5 -19.658251 64.098738 -8.573083
O'6 -23.473919 63.660632 -8.451725
O'7 -27.612421 63.229587 -8.271225
O'8 -31.411697 63.216775 -8.220346
O'9 -35.579161 62.781018 -8.065673
O'10 -39.351804 62.555963 -7.093291
O'11 -43.182857 62.108075 -6.916974
O'12 -47.327835 61.673251 -6.741978
O'13 -52.067204 61.226208 -6.740517
O'14 -55.368853 61.192405 -6.658764
O'15 -58.615225 61.204900 -6.376299
O'16 -62.864784 60.762541 -6.367072
R'1 -33.432312 9.843541 37.237012
R'2 -36.490782 9.406745 37.346241
R'3 -40.295537 9.394766 37.365848
R'4 -43.679416 8.941992 37.478316
R'5 -46.991051 8.930720 37.440967
R'6 -50.646899 8.254459 36.652219
R'7 -53.981970 8.234744 36.544106
R'8 -57.689637 7.536567 35.686458
R'9 -61.493679 7.124426 35.912510
R'10 -65.567486 7.072352 35.869194
B'1 -22.562339 10.808070 2.751987
B'2 -25.562339 9.808070 2.751987
B'3 -28.616053 8.645708 3.599155
B'4 -32.616053 7.645708 3.599155
B'5 -35.616053 6.645708 3.599155
B'6 -38.616053 5.645708 3.599155
B'7 -42.287680 5.063615 4.599184
B'8 -45.889685 4.568582 4.544628
B'9 -49.228961 3.839429 3.635979
B'10 -52.535684 2.914919 3.682824
B'11 -55.873971 2.237763 2.952139
B'12 -60.541895 1.526471 4.066405
B'13 -65.252056 0.857800 3.343618
B'14 -69.385090 0.194113 2.600151
B'15 -73.618164 0.118725 2.453176
B'16 -77.361192 -0.327619 2.411822
P'1 1.812583 -17.837601 65.573574
P'2 -0.837645 -18.246203 65.690970
P'3 -4.687251 -18.709498 65.858423
P'4 -8.040744 -19.156841 66.010325
P'5 -11.710398 -19.588304 66.163880
P'6 -14.996241 -20.029332 66.319177
P'7 -18.295178 -19.819558 67.195363
P'8 -22.034557 -20.251692 67.369252
P'9 -25.337271 -20.688372 67.542648
P'10 -28.686713 -20.686523 67.598437
P'11 -32.328985 -20.910574 68.622397
P'12 -35.663744 -21.353319 68.793173
P'13 -39.017362 -21.344932 68.859935
P'14 -42.575831 -21.332002 68.878858
P'15 -46.371835 -21.783088 69.021891
P'16 -50.689772 -22.028009 70.129354
